
-12.883265 2.746763 -1.384856 -0.210065 0.207973 3.298965 3.675461 0.010302 -5.039705 -1.218005 -1.432150 -2.517164 
-23.541119 -3.235521 -0.790514 -1.862368 -3.027149 8.773456 9.690571 2.225861 -2.856724 7.836810 7.865149 4.124742 
-23.278059 -7.264477 -8.289979 -1.187622 -4.126366 2.747009 7.076520 2.131541 -9.395576 -2.363166 2.637251 2.768320 
-29.762413 -17.123781 -17.383184 -10.951103 -1.499967 3.311721 1.212864 -3.700047 -22.247082 -8.423937 12.606958 16.903542 
-27.808323 -14.729625 -16.240778 -9.501457 -3.644109 -0.555795 -3.407412 -13.769591 -23.126976 -7.634553 11.023626 14.975020 
-28.827852 -10.038465 -14.314836 -2.936334 2.610164 9.694086 7.514139 -7.511472 -14.247708 -6.249122 5.991948 12.970588 
-30.147558 -11.478564 -11.994103 -6.110657 -8.035676 -1.741047 -9.570982 -6.864461 -10.066689 -10.259439 -8.632534 -5.674923 
-33.140541 -12.841758 -9.617837 -3.807157 -1.194713 7.772782 4.940007 -5.526460 -12.139276 -6.435072 8.207138 7.761940 
-22.894159 -6.018192 -4.726042 0.865977 -0.295259 -2.950817 3.690266 -2.470240 -6.277528 -2.521863 2.973408 4.142416 
-23.528206 -8.758134 -7.243022 0.193149 -4.315291 1.856721 4.097387 -4.180434 -9.100071 -2.244906 12.019961 6.233201 
-25.642662 -9.733366 -7.181956 -3.251346 -2.109488 -4.102249 -2.829015 -4.128021 -12.196715 -2.146256 6.578733 7.032756 
-22.719345 -16.466173 -22.357002 -10.119922 14.471878 18.451956 -16.944014 -13.161016 -4.110416 4.529130 13.478408 -13.194673 
-12.546404 -1.428858 -8.921370 2.647634 14.593614 11.202804 -14.486962 -7.025402 0.288841 11.619689 14.582522 -9.760115 
-13.554121 -3.647929 -12.405602 -14.486871 -10.733237 2.001067 2.319196 -9.423035 -12.954842 2.168648 -0.595745 0.694261 
-13.908322 -1.588984 -12.564162 -15.858426 -10.078418 1.109685 -3.340858 -9.299276 -6.509785 -2.846396 1.905524 -6.139978 
-14.264562 -3.670464 -13.473731 -15.220005 -10.710215 3.455573 -6.231837 -7.972698 -12.682032 6.103046 -5.323917 -5.369869 
-13.447327 -5.324114 -12.839461 -16.744585 -7.910427 2.316956 -6.349885 -8.175821 -6.015458 2.860199 -7.892541 -8.131250 
-15.298383 -4.267229 -14.813069 -16.042185 -3.805601 0.156223 -6.786040 -8.774084 -3.191900 2.059303 -3.087727 -3.428940 
-31.632111 -14.769749 -13.848367 -7.270965 4.888862 4.769669 -4.583654 -2.699001 -0.215473 1.612973 -1.674459 -0.724665 
-14.244494 -2.451671 -15.193298 -16.278847 -7.489083 -2.643986 -4.615486 -2.632473 -7.727257 -0.634668 -4.539299 -6.388838 
-12.046773 -3.361727 -16.339630 -18.304018 -12.802816 -0.887847 1.266093 -13.187407 -10.889985 2.757962 -3.622501 -9.919653 
-31.679951 -8.520770 -14.012139 -7.614544 -3.141991 4.606635 -4.225737 -4.014505 -7.903593 0.520694 5.085448 4.584967 
-12.264698 -3.666771 -14.121689 -15.157475 -11.531927 1.243411 2.206802 -10.120691 -12.088059 2.579623 -4.527423 -2.839190 
-14.714569 -0.596360 -10.584895 -15.911677 -10.196505 0.026857 4.421246 -9.782492 -8.823713 0.303490 -3.513695 -3.279843 
-15.976906 -5.303829 -12.355603 -12.048717 -9.845872 -1.825773 -2.016200 -8.385235 -7.505223 4.354577 -5.892393 -5.000330 
-13.946323 -3.885493 -13.630980 -17.378712 -11.337708 -0.067976 -2.141941 -10.784480 -9.072013 -2.137286 -0.017171 -7.803224 
-15.872187 -3.767775 -15.254343 -14.934343 -4.317764 1.065828 -9.602261 -5.088985 -2.190192 -2.247064 -9.119398 -1.330710 
-15.514767 -2.616817 -12.678793 -17.183304 -11.045630 0.053893 -1.991067 -5.233468 -4.982911 -1.646236 -5.716835 -8.367276 
-14.844572 -3.043412 -12.647104 -15.892496 -7.543686 0.620845 -8.377282 -4.139431 -4.076228 -5.991577 -1.201686 1.420936 
-13.982115 -2.080472 -12.430189 -13.821957 -12.069452 -1.910069 -0.606769 -8.318264 -13.052839 1.579383 2.658835 -2.198059 
-15.101965 -2.451467 -14.804936 -15.080474 -7.375587 0.716010 -4.139019 -11.117146 -1.999000 0.799093 -8.245620 -5.887218 
-13.605670 -2.848662 -15.622100 -16.855837 -7.246447 -1.860734 1.454117 -7.872416 -9.985574 2.380406 -5.151345 -3.805798 
-12.862980 -3.073606 -15.665596 -16.255751 -7.646385 6.360863 -2.584986 -15.299314 -10.648411 4.834032 -8.795361 -0.912021 
-13.955982 -1.435352 -11.793908 -18.804451 -10.478163 4.970599 -1.019021 -8.800112 -15.424191 1.655393 -2.642410 0.616688 
-32.486549 -11.345266 -11.772285 -8.893200 -1.058911 -0.976676 -5.059625 -1.035704 -6.311273 -3.583817 -5.313822 1.645451 
-10.328178 -3.502516 -16.293900 -17.368145 -11.478528 2.858221 -2.944907 -18.158392 -9.508236 7.579700 -7.545733 -9.470832 
-29.697071 -8.053396 -13.841930 -7.202214 1.754081 4.618852 2.281134 -1.391300 -6.635718 -5.835544 2.428304 7.211584 
-14.885589 -1.991325 -14.297663 -13.662121 -9.661229 2.025270 -1.881145 -6.891937 -8.362709 2.550479 -5.994156 -5.724088 
-14.246230 -0.230814 -11.760794 -17.768591 -10.774913 0.707802 -0.025973 -3.912449 -12.370131 -0.796523 -3.188117 -1.816766 
-16.467390 -3.248566 -14.825839 -11.911186 -11.862393 0.144618 0.601500 -10.841494 -9.635205 4.154677 -11.461102 -1.704781 
-17.754171 -1.716787 -15.836405 -15.870728 -8.548639 1.262433 4.576447 -12.767626 -13.179416 3.997703 -4.321652 0.793095 
-18.668106 -1.428642 -13.986426 -12.627341 -10.447684 6.604460 1.430124 -11.629624 -7.117172 -1.519624 -3.247794 0.377397 
-18.462154 -2.028122 -12.443261 -13.738722 -10.924216 -0.803249 1.054956 -8.902891 -12.780910 0.931873 2.052941 -5.024343 
-18.691778 -0.989499 -16.413641 -14.995851 -10.978689 -1.128844 3.795499 -9.417777 -6.515418 3.770015 -2.893563 -4.880526 
-16.494226 -1.629624 -13.756396 -16.152540 -12.128326 0.019155 1.816897 -14.847236 -11.660049 8.166520 -5.909906 -8.694190 
-15.514000 -1.605545 -12.654845 -15.935837 -8.075168 -1.736721 -2.759203 -3.566378 -7.246167 0.322367 -5.520630 -2.178451 
-16.999712 -3.289185 -12.632049 -12.314818 -10.468503 -3.746088 -2.913935 -5.435914 -12.776790 -1.793247 0.389367 -4.934151 
-15.334304 -3.117481 -13.625182 -13.647074 -7.763002 3.769821 -0.076108 -8.225374 -6.211300 4.548694 -8.200713 -3.069609 
-15.740203 -1.462365 -13.858901 -16.806694 -12.585358 6.214616 5.100827 -14.271906 -13.324178 2.453371 -4.628938 -1.999929 
-33.932022 -13.167454 -14.871169 -5.810678 -3.338995 0.298608 4.342402 -2.000028 -3.323756 10.308434 5.753024 4.237609 
-15.102180 -4.103868 -14.988898 -16.468512 -11.559303 -1.365012 -2.103470 -11.834475 -9.952954 -2.429060 -6.429861 -5.886328 
-18.098083 -3.941911 -14.374033 -15.759151 -12.202880 2.837383 3.026936 -12.857652 -12.181039 2.112892 -5.067169 -2.290797 
-33.212605 -13.120621 -16.928204 -10.234244 -0.486938 4.733385 -3.316969 -10.101874 -7.507523 1.416057 7.266922 8.156805 
-17.598288 -1.673388 -15.094751 -15.103092 -8.047467 0.011065 1.186731 -12.654595 -10.463726 3.559573 1.943605 3.931693 
-16.940336 -4.722410 -14.621147 -13.029912 -8.013234 1.006386 -1.689479 -10.516168 -1.530092 -1.911354 -3.412948 0.139909 
-16.656574 -2.166394 -15.917308 -14.878984 -10.976683 3.941172 -1.467875 -7.990971 -17.534805 -3.983114 6.646655 0.057812 
-17.805897 -3.042589 -19.089127 -13.742979 -6.737854 1.219975 -5.863035 -5.354420 -17.937078 1.257072 1.073467 -0.303530 
-17.046604 -0.480874 -17.051052 -14.529074 -13.634651 4.226712 -2.992958 -2.475214 -20.670193 -2.193420 1.717261 -3.611223 
-18.074051 -2.417500 -15.782700 -12.238826 -10.535984 1.659497 -4.997672 -1.220355 -13.761395 0.596093 1.152395 -1.996293 
-17.287777 -3.069239 -16.689686 -13.342860 -12.718304 4.615507 -0.492956 -8.987814 -20.964506 3.750183 4.599557 -2.662370 
-17.761614 -5.027409 -12.358124 -12.068167 -11.468662 3.507504 -4.469954 -7.719894 -16.637194 1.779051 0.914677 -2.154408 
-16.925404 -4.199941 -12.005210 -13.341955 -11.659988 -0.454079 -1.861873 -7.307385 -7.004815 2.434681 -4.618210 -5.295366 
-12.482444 -4.619440 -14.854262 -13.934071 -7.751985 3.843683 -1.685038 -6.510534 -10.766035 4.994856 -1.804844 -1.767312 
-15.461246 -2.504845 -10.299457 -15.212147 -13.055108 1.201598 -0.519205 -3.323215 -15.943079 2.700785 -1.289341 -3.319296 
-15.889610 -3.716282 -13.109554 -16.949310 -8.436291 3.050239 -6.161397 -8.630116 -3.902594 1.420546 -3.767910 -5.622390 
-14.064203 -4.513232 -14.249246 -19.747309 -13.429984 2.944824 4.126883 -9.496531 -11.439497 2.917537 -2.671376 -2.702583 
-13.834881 -4.042708 -13.162959 -16.373320 -10.472938 2.886767 -3.777522 -9.446346 -10.431642 5.249967 -5.664620 -1.973946 
-30.066685 -16.239773 -16.831312 -11.778105 -7.806473 3.526888 0.620715 -0.557533 -9.281374 5.655594 5.219021 8.114120 
-16.185961 -3.190288 -11.647174 -16.003645 -10.286875 4.999828 3.662746 -7.240608 -19.606962 3.857065 8.642686 -7.211747 
-16.192339 -6.796099 -14.319258 -13.902011 -10.243825 -3.770121 -3.455184 -2.239461 -14.792787 -4.581300 1.144448 -10.308542 


-16.681129 1.385391 -2.461799 3.883554 3.044416 1.734809 8.010900 3.308659 -13.292406 0.692392 5.406692 2.789481 
-26.222700 -7.360580 -6.644348 -0.977430 3.212946 5.615590 0.232091 -7.694363 -23.509892 -5.644360 17.723072 10.919936 
-30.637262 -17.457687 -19.031191 -4.829168 3.522593 4.999263 9.050721 -4.014380 -14.363467 -2.491313 13.917967 18.865473 
-28.513849 -13.384302 -15.665447 -2.537491 5.217999 4.930328 0.876040 -10.169357 -18.020876 -1.625332 16.898354 15.121267 
-28.105740 -6.460166 -8.901175 -10.028908 0.661897 10.504545 6.773110 -9.187823 -20.791845 -15.952915 -3.405108 8.099183 
-33.152882 -9.903296 -10.881599 -11.631132 -11.824776 -0.338577 -2.712390 -9.608396 -11.205524 0.017895 -0.265308 0.365146 
-33.663342 -7.511006 -10.652497 -9.079395 -3.520111 1.573894 -1.541110 -1.924898 -3.259196 6.282398 -10.221413 -3.719140 
-25.120539 -8.123565 -7.897172 -2.670800 -1.652865 2.449639 3.610452 -1.814550 -4.112033 -6.072235 10.005470 8.995329 
-29.096712 -12.568973 -7.030818 1.627643 -1.056107 4.466081 13.390919 -3.389176 -12.298976 -5.651228 2.760334 8.002715 
-28.999525 -13.703640 -9.686878 -3.662139 -4.317873 -2.856002 1.447853 -5.379007 -17.661816 4.708526 16.492146 9.588091 
-29.177374 -7.177825 -6.332484 -3.349237 0.845301 5.629647 3.062350 -3.354147 -6.657696 4.346017 9.866588 5.744908 
-23.661903 -4.658593 -11.754050 -8.782947 9.719575 19.926920 -11.511273 -20.626863 -15.028349 8.175722 10.733875 3.969664 
-19.261274 -0.144563 -13.394461 -9.775702 8.597817 15.384854 -3.623426 -8.978801 -12.251121 9.489683 4.125793 10.863308 
-30.580843 -11.276964 -8.447019 -9.202396 -8.359310 0.672728 -1.415740 -6.005030 -3.241459 10.448602 2.527419 5.038592 
-18.064798 -2.108991 -14.186429 -16.539183 -4.909687 -1.262331 -3.776212 -5.066003 -4.914913 -0.669469 -8.802481 -4.708570 
-19.649977 -5.378450 -13.060581 -18.804209 -16.342098 -7.540952 -14.502627 -13.729771 -21.766930 -8.842050 -10.757088 -14.508494 
-19.836195 -2.566246 -10.407510 -14.366325 -4.290300 -0.325924 -3.396442 -9.579618 -8.792614 -2.455846 -8.862997 -5.606564 
-18.333233 -0.617935 -8.136394 -18.137506 -9.535776 0.697920 -1.514644 -6.628535 -3.094487 -0.581444 -4.757159 -4.641691 
-18.739386 -3.093899 -11.147399 -15.600523 -9.920691 -3.523534 -2.026579 -8.860874 -10.106851 2.653352 -4.106075 -1.917363 
-18.495777 0.423575 -13.674944 -17.720816 -10.425299 -1.053188 -1.615038 -11.698049 -7.926371 -3.003042 -3.960654 -4.268836 
-20.239286 -2.017425 -14.669565 -13.694147 -9.202110 -1.754002 1.365647 -9.610178 -4.763750 -2.454673 -7.234340 -7.258761 
-19.174036 -3.205358 -11.420890 -12.983109 -12.298039 -1.242038 -0.352116 -8.597727 -1.378239 -8.958362 -3.785180 -2.119630 
-19.655733 0.335336 -13.155169 -16.342920 -10.473227 -0.840147 1.371114 -8.733325 -6.983234 -5.001650 0.286092 -2.535941 
-18.579140 -1.182591 -13.918113 -14.430606 -7.573847 -2.507512 -2.532032 -7.358175 -0.897796 -5.281825 -2.509788 -2.265012 
-18.222027 -2.761633 -11.572652 -15.758058 -7.677279 1.374780 -2.981309 -6.759035 -3.652426 -3.131538 -0.361225 -1.355973 
-19.081057 -3.736171 -11.573241 -17.160078 -11.267987 -0.260346 1.355386 -3.255390 -14.444610 -0.841243 -1.233958 -4.742031 
-17.448935 -0.428749 -10.661494 -16.175598 -8.700674 1.488296 -1.386828 -6.425811 -3.148732 0.607846 -2.401491 -3.431802 
-15.609956 -1.720340 -11.717836 -14.577287 -11.259809 -5.404357 0.219991 -5.702148 -14.530930 -4.294057 -2.378716 -5.751950 
-29.449762 -8.552421 -3.194405 -3.963223 -2.874035 2.580078 6.935548 8.524971 -6.794824 -2.963520 3.076991 3.275983 
-17.950054 -5.461683 -13.228395 -13.287094 -8.471050 2.236995 -2.012557 -6.789145 -3.395276 -1.112677 -0.714360 -1.724740 
-16.934256 -2.506207 -14.432605 -17.026148 -11.762874 0.243744 -0.098086 -15.748086 -7.786390 -2.878420 -7.457876 -11.733922 
-29.179003 -2.357868 -5.424367 -3.639030 -3.382452 -2.662210 -3.343721 -4.219294 -2.266199 1.574158 -1.162868 -1.911476 
-17.068655 -0.652024 -11.686316 -15.651242 -9.810569 1.345462 -1.295578 -3.977016 -12.181834 -0.459973 -0.933493 0.333849 
-16.548748 -5.323212 -12.875388 -16.038759 -10.066443 -2.093593 -3.426609 -7.770978 -10.021986 -6.064493 1.254017 -5.403903 
-16.765244 -3.122861 -12.386980 -16.925900 -10.748777 -1.389653 -1.336444 -7.612246 -10.837918 -6.710979 -1.447715 1.389884 
-16.581789 -1.131342 -13.265064 -13.240194 -8.867504 -4.854012 -3.751722 -2.255366 -5.371400 -4.473600 -5.056867 -2.114332 
-17.388519 -0.431500 -12.156341 -17.573267 -13.390678 -0.631891 0.394266 -3.519449 -15.185563 -4.356827 -2.403343 0.479654 
-17.200121 -5.887740 -13.212073 -14.899690 -7.761470 -0.461229 -3.579494 -8.517445 -5.854674 -0.927901 -5.554425 -3.126106 
-17.364656 -1.855864 -11.045091 -16.013628 -9.203062 -0.166363 -5.057114 -10.591689 -8.216658 -1.996201 -2.504863 -9.774626 
-16.463091 -5.456371 -11.100269 -12.423750 -10.475014 -1.306315 -5.770175 -3.687053 -8.267323 -2.396073 -2.728527 -1.359033 
-18.397020 -3.001573 -9.136051 -16.641550 -11.929743 -3.344765 1.918403 -11.034361 -3.566523 -2.067207 -4.119075 -3.764345 
0.212712 -17.798487 -8.265915 -5.040070 9.504811 -13.450283 3.304091 3.351359 -8.451719 0.226124 5.799681 -11.905371 
-12.425887 -26.663666 -10.965755 -10.648972 12.209774 3.078285 1.048974 -10.028361 -10.559940 -7.232159 1.987768 -6.794019 
-14.656847 -25.020458 -7.763491 -18.421944 4.673306 -2.976651 3.422111 -8.739258 -3.901223 -10.040287 -5.596462 -8.047444 
-11.967028 -26.637518 -3.058154 -17.433489 0.698862 -4.191130 -8.519224 -14.092233 -7.043141 -16.483721 -5.128381 -6.120583 
-11.737313 -25.103025 -8.146799 -17.744719 -6.847846 -9.157047 -6.707057 -16.015640 -3.366760 -17.823063 -1.763381 -5.434436 
-12.930560 -22.413568 -8.126861 -17.819361 6.666678 -4.222329 -1.211084 -10.989388 -1.283542 1.642645 11.403897 -2.767502 
-10.834580 -24.509678 -11.625965 -13.232233 2.072176 -5.210600 -9.446404 -5.341350 -0.362856 -11.951306 4.130146 -3.036061 
-11.066506 -24.924778 -8.733781 -14.992475 6.526451 -5.964660 -12.523165 -13.904677 -18.348799 -12.089831 0.256081 -12.826764 
-8.386694 -22.667400 -2.359742 -8.885327 11.573485 -2.861465 -11.430731 -10.927771 -7.653630 -12.016289 1.788468 -2.286405 
-8.517711 -24.925089 -2.719643 -10.110676 8.830943 -1.670606 -10.763130 -10.967003 -8.920575 -17.389902 -3.050442 -7.317186 
-11.939874 -25.363214 -2.737559 -14.523013 1.054512 -4.875677 -10.810017 -9.682098 -22.442162 -17.315538 -1.785504 -8.436455 
-11.904497 -27.329960 -6.554353 -11.008285 3.506972 -2.242715 -20.723755 -13.554655 -24.652594 -14.279879 -7.787400 -9.562013 
-11.617811 -25.527843 -2.796423 -12.092655 -3.234949 -12.302608 -16.847231 -12.480245 -19.796024 -16.392876 -9.496405 -18.825123 
-10.847600 -25.261642 -5.511240 -18.008421 -4.036632 -8.468036 -13.606209 -13.287224 -23.512344 -17.921036 -13.012718 -17.090502 
-12.396941 -26.418293 2.013456 -3.028923 12.848088 3.532646 -1.780459 -4.566435 -16.631590 -26.910646 -6.768680 -5.968956 
-14.003984 -27.156986 2.462150 -3.749942 15.504900 6.240597 -5.982810 -12.982126 -23.657801 -32.165283 -11.429431 -3.467328 
-12.753344 -28.077887 -1.299608 -2.409488 15.171829 1.368610 3.101243 -3.262908 -13.071394 -21.193556 -10.283021 -14.821597 
-15.088777 -26.735043 -3.169975 -4.662714 7.791581 -6.392748 -8.148152 -21.426538 -24.105326 -30.326435 -15.746667 -14.920338 
-18.318455 -26.171124 -4.335283 -6.463053 6.740625 -13.832582 -11.876403 -23.091101 -22.605543 -35.154346 -7.408543 -10.638206 
-16.474207 -24.653774 -3.985079 -9.230188 5.517977 -15.011806 -11.125046 -13.932222 -20.453827 -29.585854 -11.747320 -11.573322 
-12.761396 -26.608803 -5.186977 -8.473174 5.377543 -8.511235 -7.865139 -10.844159 -21.399858 -22.121531 -13.195024 -8.020854 
-12.681455 -25.689493 -3.716915 2.096511 6.857534 -9.774984 -8.405378 -15.607463 -16.158314 -16.543858 0.719733 -6.068020 
-12.681295 -23.868065 -4.567905 -3.500010 5.705219 -10.786119 2.367970 -9.953559 -13.205977 -24.107893 -1.163049 -0.706032 
-13.126432 -20.764778 -3.084610 -6.626144 13.100585 -4.545398 -3.402498 -16.653355 -11.581580 -19.921894 4.131063 7.453705 
-13.649467 -15.425879 0.336430 -4.756983 9.179211 -3.492587 -2.105674 -15.928035 -10.915938 -15.103386 5.691063 6.606068 
-15.757794 -17.263878 -2.081849 -15.624895 0.641781 -6.899388 -10.973642 -17.783144 -14.464637 -23.113409 -1.851938 2.777858 
-14.834003 -19.691334 1.998394 -6.718407 4.198043 -13.856130 -8.964943 -14.571921 -9.383967 -11.143248 -1.371389 -4.179911 
-16.027092 -15.017797 7.968568 4.543175 3.677378 -19.543856 -9.982575 -10.457214 -3.737794 -3.594045 7.481028 -4.226736 
-14.808989 -18.451675 4.560184 1.188235 0.001740 -13.688359 -0.640992 -15.073293 -9.675167 0.883801 8.281738 -7.147415 


-18.827932 -23.017405 -9.536780 -7.671384 0.341518 -17.288677 -16.206411 -21.385996 -19.048294 -20.897926 -5.228498 -19.000383 
-19.051601 -22.457064 -11.561228 -13.291179 7.872907 -1.545589 -3.354996 -8.559761 -12.415035 -11.048285 -2.435305 -3.659042 
-15.971472 -21.296347 -11.355409 -14.704478 4.126416 -4.651066 -3.564963 -4.399073 -0.616173 -8.859584 10.890771 -1.906708 
-15.643990 -24.158489 -14.077662 -8.249736 3.890391 -6.933121 -1.152960 -12.135798 -10.015738 -0.316414 5.684407 1.317511 
-17.096087 -28.406363 -15.999036 -10.944579 9.461246 -12.135813 2.167522 7.394076 -3.534787 0.989462 6.796799 -16.349924 
-15.191602 -31.034195 -19.248781 -19.246387 -5.737936 -16.907362 0.660116 -5.999347 -8.836012 -2.754152 -7.210773 -13.416164 
-12.263811 -31.083012 -21.394266 -26.266642 1.154759 -6.504065 -0.449333 -6.251801 -9.389312 -2.064770 6.767591 -9.199281 
-12.330056 -26.143150 -19.126379 -22.729923 -0.075202 -3.523677 9.503135 -0.240669 -5.870856 8.297035 2.674464 -7.336913 
-10.701198 -30.301905 -12.816585 -17.149364 -2.713169 -18.691978 -2.740068 -1.250421 -8.543747 -13.078050 -7.681807 2.356134 
-12.746726 -31.396076 -16.013987 -20.160259 -8.052508 -12.649532 -4.408740 -12.328226 -11.750068 -1.410390 2.175624 -9.580996 
-11.953249 -31.518869 -12.826120 -21.046240 -11.699598 -24.412405 -2.599914 5.092471 0.334035 7.139166 -3.942954 -5.201947 
-9.895329 -24.100615 -5.869225 -14.036165 4.569142 -10.176995 -18.724375 -13.386005 -14.326182 -21.171513 -6.695648 -5.900449 
-8.744664 -24.194143 -3.236680 -8.914989 7.981945 -0.018515 -11.690887 -7.374814 -9.540654 -15.149159 -3.263949 -7.167742 
-10.949848 -24.214989 -1.021489 -12.060051 4.100326 -1.822534 -7.489111 -5.887092 -19.393934 -12.558541 1.768468 -4.513958 
-12.495506 -27.547888 -7.074796 -10.813737 3.526481 -2.908119 -19.880007 -15.875567 -23.894037 -16.497883 -8.304748 -11.369283 
-10.430341 -23.602419 0.046257 -8.862208 1.352737 -6.639226 -9.811343 -5.987240 -13.137966 -11.649155 -4.353115 -14.744682 
-9.786149 -24.011311 -3.600909 -16.044933 -2.848830 -6.426339 -11.453779 -10.633355 -21.178291 -15.251722 -11.201465 -15.810440 
-12.385201 -26.151760 2.068889 -2.733373 13.213827 4.998262 -1.359594 -2.492441 -16.705307 -25.325968 -6.221699 -5.433597 
-15.455157 -28.477339 0.482217 -5.589142 12.387664 2.827057 -10.665231 -17.384865 -29.219463 -34.837231 -14.499235 -5.054050 
-13.430050 -28.837360 -3.001622 -3.751105 11.429401 -1.232076 -2.259130 -6.522793 -19.418270 -24.161118 -15.446207 -16.799320 
-13.875838 -24.940300 -1.249287 -2.232907 10.114882 -3.740071 -4.729717 -17.694674 -18.870646 -27.340279 -10.671837 -12.656536 
-17.211123 -24.255453 -2.925492 -4.010293 9.538558 -10.050691 -7.668983 -16.949816 -17.500799 -30.374058 -2.729867 -7.880700 
-15.369583 -22.931553 -2.974228 -8.051622 6.135358 -13.803137 -10.715521 -11.391301 -19.397966 -26.633316 -9.396978 -8.467222 
-12.821811 -27.124310 -7.125697 -11.792138 0.682105 -13.964511 -13.933184 -15.812693 -25.568701 -25.107510 -16.309412 -9.116654 
-10.726647 -23.970644 -0.536594 3.477010 9.216523 -6.119975 -4.657380 -9.385445 -11.299126 -10.313772 5.236208 -1.328630 
-11.123009 -20.417107 -0.246880 1.671816 9.477384 -8.063208 2.217666 -11.194930 -16.713482 -24.485291 2.714266 7.336119 
-12.071192 -20.325422 -1.978567 -7.045714 13.339129 -5.194767 -3.443769 -16.374262 -10.495028 -19.188740 5.305697 8.267739 
-13.374907 -15.343613 -0.060304 -5.659842 8.680972 -3.818917 -2.305318 -16.400251 -12.082175 -14.403162 5.002879 5.910542 
-15.543038 -16.795712 -1.246050 -15.819072 1.515432 -7.002207 -10.002481 -18.469055 -13.968083 -24.952612 -0.443991 4.855022 
-13.760683 -18.019146 4.739083 -3.753863 7.861079 -11.692150 -9.540353 -13.820491 -9.486695 -7.816645 2.963799 2.867742 
-15.380622 -15.129783 8.643952 3.719836 4.198400 -20.178089 -7.865359 -10.555972 -3.288965 -5.548451 7.603248 -5.170855 
-15.391253 -19.096066 3.537380 -1.057294 -2.542374 -17.695951 -2.845047 -17.644899 -10.044107 -1.341404 8.635950 -9.646257 
-16.388323 -19.626829 -5.034978 -2.491563 7.550925 -9.988902 -6.184454 -10.828887 -7.808180 -12.729931 2.879393 -15.149371 
-18.921516 -22.265043 -11.281563 -11.410734 10.848680 3.264021 1.699235 -2.845175 -8.596066 -8.233254 -1.587068 -4.605492 
-17.971102 -24.475563 -14.038235 -18.072824 0.359753 -8.905023 -9.456034 -9.126408 -6.504110 -11.931982 5.795845 -4.775908 
-17.028913 -25.858229 -16.223911 -10.733508 1.506370 -8.398292 -2.577726 -14.270855 -10.042641 -2.546749 5.266665 -0.332789 
-18.117437 -27.676138 -16.607756 -9.084947 10.345522 -6.450939 4.209697 14.016358 2.799461 7.574577 11.716107 -8.600769 
-13.590665 -28.200964 -15.716935 -14.773145 -1.982004 -10.418091 6.230368 1.284720 -1.306028 4.960084 0.462820 -8.075294 
-11.401096 -28.853344 -19.725485 -22.902077 3.638464 -2.751947 2.454756 -3.146860 -8.084452 -0.177846 7.416647 -7.877080 
-14.429856 -29.601002 -23.524586 -26.779047 -4.899067 -7.669774 4.473400 -2.299477 -8.479713 6.618057 1.900552 -7.292254 
-13.554709 -33.626949 -17.823378 -21.701899 -8.145962 -23.886606 -7.117838 -6.134155 -11.313998 -17.525333 -7.733939 1.742390 
-12.695636 -32.017742 -15.962918 -21.312613 -8.096685 -14.244044 -5.199490 -13.887711 -13.669573 -2.714643 -0.382824 -10.636539 
-11.631386 -33.858715 -13.155975 -22.623720 -12.295510 -24.421494 -3.095669 6.937343 -3.087612 8.591572 -7.059338 -2.742975 
-13.270233 -28.913559 -17.727489 -22.598442 -10.093480 -9.165892 -4.568794 -13.013102 -6.260189 1.494955 0.038222 4.131639 
-11.768980 -19.652979 -14.233377 -16.574451 -11.995883 -13.414999 -4.776097 -2.514189 -0.398012 10.484966 5.065426 3.593085 
-14.487966 -16.867371 -18.200796 -7.697177 -11.955639 -11.117863 -3.294487 -1.742007 -0.730277 0.432141 -4.542222 5.772175 
-15.923762 -8.871520 -22.501612 -12.059454 -14.633626 -8.536439 -4.298075 -6.122027 -4.538412 1.574641 0.883941 -2.794251 
-19.120314 0.888795 -10.447090 -12.134557 -9.899729 1.808256 -8.129743 -8.826887 0.490241 1.900367 -2.232979 -6.737078 
-18.223148 0.149370 -19.083586 -9.804531 -7.325222 -1.306342 -3.922503 -8.912696 -3.934964 -6.902706 -1.185083 -4.991726 
-18.034983 0.363559 -14.751445 -11.031228 -12.674277 -2.318635 0.178467 -7.153363 -16.332228 -0.332428 0.140035 -4.135416 
-17.337833 0.299354 -15.230898 -9.638241 -12.333167 2.494809 -2.221544 -5.646850 -11.936193 -7.169540 1.977392 -7.121938 
-18.320366 1.257506 -10.375372 -12.616367 -18.431971 -2.226206 1.429914 -1.653043 -11.795914 -5.824651 2.082472 -6.262747 
-20.593399 0.386728 -16.375248 -12.695978 -13.750973 -4.555513 -0.502012 -9.030020 -8.954159 -1.314621 -5.514140 -4.962792 
-17.736835 -26.439508 2.725686 -12.808784 0.184149 -2.806566 -8.659629 0.384554 2.826472 -3.640181 3.155813 -1.528530 
-6.013000 -23.682016 -3.684624 -22.130772 -3.586280 -9.128272 -18.753925 -20.449472 -7.383891 -9.571496 -4.751536 -5.177601 
-28.231184 -35.238476 -2.720580 -3.975991 7.956330 -0.876332 -1.843550 1.999725 11.203294 -4.016371 5.925879 -7.120645 
-19.914007 -39.902328 -14.399390 -15.010594 17.085024 -1.861287 -2.955654 -2.066278 -4.445547 -8.415870 -2.955776 -3.019798 
-14.410905 -34.938251 -12.501799 -13.554689 16.583206 1.680778 -4.837572 1.300786 0.920237 -5.734970 0.358575 -3.193360 
-12.613794 -29.196514 -13.840049 -8.068333 17.915586 1.542819 -1.595546 9.638607 -6.207973 -10.234638 6.060515 -17.235197 
-14.415770 -26.740807 -13.083404 -14.119423 13.537265 2.469119 6.056451 -3.965215 -9.981011 -4.451372 0.694103 -6.454241 
-12.526290 -22.887453 -3.378626 -16.258432 6.669733 -1.173527 2.016230 -3.210073 3.900893 -6.501383 3.473869 -4.420532 
-11.915825 -25.463451 -3.623680 -16.402630 0.325444 -3.557145 -6.304187 -14.653865 -5.851396 -15.008979 -5.139929 -4.027389 
-11.455348 -25.729977 -7.364267 -19.847862 -6.213085 -10.803247 -4.335703 -11.722616 -1.887059 -12.943343 1.483883 -7.617368 
-13.895911 -24.324106 -13.158217 -19.863747 1.684274 -5.770974 -7.274766 -16.278996 -5.144930 -5.553876 1.169234 -11.013788 
-12.800550 -28.241005 -14.766388 -17.873693 -2.789418 -13.570414 -12.666928 -9.568158 -9.217679 -15.334798 -0.069163 -12.133418 
-11.140808 -25.409719 -10.342587 -15.937680 5.440943 -2.895341 -17.418550 -19.490618 -21.247328 -15.721334 -7.140409 -17.670677 
-10.159938 -25.455559 -6.708313 -13.455008 3.178030 -11.684886 -20.365772 -13.933647 -18.756226 -23.620081 -7.683434 -7.011467 
-9.277781 -25.607922 -4.441991 -9.914905 5.549274 0.512119 -10.824531 -7.515683 -10.775550 -13.049094 -5.793216 -3.930858 
-8.842169 -22.126873 1.871102 -9.543755 9.173463 0.872241 -4.033376 -6.843734 -15.201657 -6.044236 9.725615 -1.919593 
-10.282161 -23.941065 -2.106904 -4.544522 8.203032 3.854504 -12.629112 -3.537753 -18.011330 -11.022276 -6.825397 -5.498967 


-10.382777 -22.656258 -0.156758 -12.113784 0.683050 -10.207331 -10.485677 -8.462457 -16.433651 -8.684480 -0.967614 -15.072599 
-8.381399 -21.522217 -0.692859 -13.624472 2.522798 0.879460 -7.214383 -7.118707 -18.660833 -13.301880 -3.894028 -6.278727 
-12.149897 -26.637936 1.173021 -5.416298 10.229198 0.793324 -3.482571 -6.628866 -19.154264 -28.152813 -7.891770 -7.348131 
-14.179269 -28.333433 -0.941529 -5.002120 11.369695 1.294637 -10.887134 -17.286779 -24.396437 -36.050270 -13.988643 -6.559397 
-14.710852 -28.156092 -2.984770 -5.230288 10.259985 -3.785059 -3.324034 -8.775885 -22.321804 -26.824108 -19.342417 -15.723617 
-13.382423 -25.703009 -2.235195 -3.979910 7.099187 -7.750020 -5.506356 -16.045210 -16.170343 -25.568377 -6.822940 -8.177921 
-17.134893 -24.909771 -2.856781 -6.296017 8.000887 -12.949908 -9.851810 -18.552223 -20.012074 -31.213997 -4.841311 -8.535391 
-12.732435 -19.242323 -2.211706 -8.062161 8.236436 -7.390821 -5.553803 -7.317587 -8.252118 -16.606194 -4.566231 -7.896286 
-11.364439 -24.875662 -2.478081 -6.769433 6.684815 -6.113061 -4.047446 -5.178228 -14.390758 -14.382886 -7.179975 -3.139585 
-11.851924 -26.131109 -2.831624 1.343955 7.222059 -14.345984 -6.648177 -13.878627 -18.278158 -20.111660 3.840751 -3.005343 
-10.639819 -20.170282 -1.111015 -3.894293 6.669119 -10.419518 2.071045 -8.536322 -10.084292 -20.094955 1.039949 4.848078 
-11.661499 -19.301191 -3.998549 -10.453681 9.361032 -4.835044 -5.666383 -14.857333 -2.114114 -15.461917 0.750847 7.636636 
-20.113123 2.401948 -13.579957 -7.181515 2.872758 23.257736 -6.703204 -16.183844 -2.037353 6.790566 10.684492 4.718144 
-17.379665 5.176115 -12.220371 -7.652214 -9.832157 0.526100 2.532598 -1.120612 -4.818492 -0.416506 9.762362 -6.003014 
-19.723980 0.130918 -16.389730 -6.837408 -9.502486 0.228818 -1.597175 -4.355507 -3.022702 -3.782230 -1.603697 -6.217134 
-22.801081 -23.288195 -1.851965 -12.200465 -15.711698 -4.874149 1.530279 5.264425 4.041775 -5.095750 -7.285333 -8.628775 
-7.176688 -26.059212 -6.345516 -25.446438 -8.533509 -11.296468 -23.152157 -23.234898 -12.951876 -11.289014 -10.736953 -8.837214 
-29.606743 -8.420288 8.797466 -16.871704 -3.495105 2.075187 0.906511 -4.749543 28.170517 -20.917168 -5.041876 -8.475544 
-24.400404 -44.163200 -16.856873 -18.349937 8.731328 -5.723122 -7.662801 -6.625507 -7.001947 -12.540385 -2.166764 -6.467556 
-16.369955 -37.703465 -12.445850 -14.618844 12.387819 -0.661120 -10.428603 -7.848562 -4.742696 -6.965323 0.534258 1.063111 
-13.727267 -30.999292 -14.927062 -13.128911 16.294510 -4.634424 -1.923437 7.920159 -6.364926 -8.114149 2.595717 -14.849584 
-15.942051 -30.020243 -13.313437 -14.669251 9.517954 2.996983 4.764782 -1.383267 -6.966066 -1.124767 14.460963 -0.235087 
-15.006963 -26.291197 -11.695222 -17.436695 6.610333 -2.991473 -0.519410 -10.594647 -7.255622 -3.397916 0.223439 -4.803502 
-12.322080 -26.031126 -5.011769 -17.649357 -2.056535 -2.941063 -8.345065 -12.728628 -1.308330 -12.132806 -1.415922 -4.308884 
-11.046403 -24.926270 -6.398336 -17.653833 -3.210090 -6.864312 -3.619359 -11.439172 -0.507801 -12.438634 2.408489 -4.713174 
-11.696593 -22.393782 -5.132753 -16.859514 1.248230 -9.326473 -6.268283 -10.145641 -6.710641 -5.522585 1.714917 -5.290304 
-10.058573 -22.552664 -8.814476 -11.721046 3.640378 -1.694002 -1.734601 0.211323 5.964733 -3.826375 12.639172 7.490716 
-8.607608 -21.395311 -5.803108 -11.070352 11.512633 -0.811363 -7.521893 -9.814801 -9.766249 -4.217126 9.819801 -5.315263 
-9.463700 -24.185553 -7.384474 -12.879059 8.369575 -4.379725 -14.944318 -13.447447 -11.210004 -14.214451 -5.015125 -8.851635 
-9.312247 -25.253090 -3.624584 -12.164346 4.566747 -6.575894 -14.129980 -7.757009 -11.967957 -22.533421 -6.224518 -7.587307 
-8.285331 -23.192305 1.400793 -8.899674 8.404046 -1.949464 -9.275127 -10.688499 -15.731711 -7.737834 2.947109 -3.573746 
-8.503455 -22.533474 -2.091841 -6.537241 9.216740 5.054671 -5.761344 0.569891 -12.408334 -5.795958 0.824745 -2.515746 
-10.503744 -21.869627 1.003487 -6.085251 5.519223 -2.758011 -10.965988 -5.785942 -11.007708 -5.908131 -0.445321 -10.975012 
-9.736429 -24.359945 -1.535321 -14.258993 -1.640870 -7.437759 -11.381841 -8.409423 -16.224884 -11.922813 -9.047445 -12.615927 
-13.796049 -28.645739 -3.720148 -10.521482 6.341763 -4.013343 -13.078509 -15.306370 -28.258282 -34.558525 -13.528088 -12.286946 
-14.857511 -28.906673 -0.985022 -6.721172 10.729820 0.727963 -8.682575 -16.164923 -26.987478 -37.572990 -17.434727 -10.894586 
-13.827832 -29.970224 -3.756701 -7.016013 8.288997 -3.662491 -4.775742 -12.944824 -26.012371 -30.574331 -15.661247 -15.951916 
-16.169165 -29.711931 -6.471773 -8.879432 5.597729 -10.745026 -14.074063 -22.808668 -26.615814 -36.875946 -21.810457 -21.480507 
-16.663050 -25.086395 -2.578501 -4.736694 7.090118 -10.428010 -8.706649 -18.999304 -19.332682 -31.275293 -2.845118 -6.397350 
-16.109673 -25.227837 -2.603285 -11.485954 3.739884 -17.799761 -11.103837 -13.618362 -19.249889 -31.395733 -11.601764 -11.910618 
-10.597084 -21.982143 -0.267094 -6.185305 9.085649 -4.427206 -1.685806 -5.797003 -13.751696 -13.504796 -6.390626 -7.149555 
-9.949276 -24.742531 -1.804111 -0.957553 8.216303 -7.135302 -4.516018 -6.828265 -8.121891 -9.625562 3.716344 -3.610955 
-12.393156 -22.150816 -0.055946 3.755517 9.168944 -7.385336 1.964231 -8.971261 -15.735358 -26.570841 2.862835 8.027551 
-11.913225 -18.299582 -0.897357 -4.223923 13.547248 -5.270895 -4.377976 -16.218479 -12.393459 -20.736073 0.752305 11.697169 
-13.047704 -15.856726 -3.464634 -8.065496 7.596713 -3.759123 -1.186366 -14.490676 -11.973123 -15.738246 9.071445 8.047256 
-14.155566 -14.881269 3.356551 -8.798833 4.123720 -1.792651 -4.717520 -13.514172 -7.383853 -16.695631 2.323934 3.625791 
-15.834579 -21.847374 -3.164970 -11.882401 1.401293 -18.775698 -15.473867 -20.640196 -17.371344 -16.807354 -2.578772 -4.845704 
-18.104435 -18.330757 4.913699 -2.975262 -2.149657 -24.268053 -12.486855 -15.894451 -8.440116 -8.653615 4.063662 -9.147435 
-14.774147 -18.606640 4.656145 2.846912 1.249241 -15.825100 -2.765290 -16.112280 -6.011967 0.543266 8.757230 -6.951722 
-15.804226 -18.131496 -1.088716 0.853659 6.897386 -11.033648 -1.920286 -14.277004 -8.368098 -8.471554 5.571025 -15.007238 
-20.514254 -23.349251 -13.264082 -14.873964 4.856227 -6.647008 -10.037002 -14.231392 -18.079937 -16.596922 -5.676687 -10.753624 
-19.395332 -27.073544 -19.185162 -20.042063 -2.134845 -7.773947 -11.000782 -8.483737 -7.682898 -18.228043 -2.209831 -7.560592 
-15.749930 -24.242556 -15.679863 -11.838351 4.263777 -8.388966 -3.118309 -12.222338 -9.191005 -5.795630 4.295133 -5.525411 
-15.877016 -25.274334 -13.408487 -7.424208 4.920713 -11.297012 -2.947982 0.433386 -8.577939 -0.088635 0.443268 -14.476162 
-16.118567 -31.328474 -19.178621 -17.826447 -3.898175 -17.542591 -1.234807 -2.924756 -8.425155 -1.628585 -0.276852 -15.097173 
-10.750622 -30.602621 -17.972603 -21.246853 -1.433777 -7.829062 1.598882 -7.363094 -10.003857 3.241088 8.501883 -7.884235 
-12.751759 -27.216497 -19.049265 -22.146973 0.402023 -2.811050 7.174298 -0.708203 -6.903169 -0.533839 -6.128049 -12.093546 
-12.217217 -29.381731 -15.031241 -15.993514 -3.973396 -16.419350 -3.071736 -0.329525 -9.735302 -13.937716 -6.052791 3.125194 
-10.377748 -27.855795 -10.710194 -15.483811 -6.282856 -8.296332 -2.891110 -5.931856 -8.290764 0.923893 1.610415 -13.138923 
-13.907736 -34.351112 -19.201900 -23.581701 -11.862342 -21.821363 -3.175569 -4.391731 -6.041212 6.326644 -7.859324 -5.362101 
-12.230086 -30.170601 -16.033752 -22.264128 -7.279927 -11.318769 -4.405781 -5.735059 -3.744099 0.930323 -2.754039 5.234193 
-15.316006 -25.523327 -16.753353 -21.807217 -16.331200 -16.331234 -4.975266 -4.533629 2.160549 11.229072 6.038522 9.782253 
-12.679301 -17.784195 -20.481256 -7.601874 -13.132898 -9.928094 -3.106937 -2.617453 -0.265917 1.570151 -1.919559 3.014035 
-14.287159 -7.251465 -24.233912 -7.696428 -11.887629 -9.016415 -3.361858 -7.040935 -2.784235 4.075711 5.771559 -0.858261 
-24.314077 -6.085765 -16.394922 -4.792098 -7.868413 -2.190037 0.649718 -4.870533 -2.255869 -4.891751 12.081068 6.804959 
-14.172554 0.096163 -21.479597 -14.495728 -9.576572 -1.062686 -1.107872 -13.165224 -7.106246 -2.214842 0.315404 -8.409744 
-34.773163 -8.350809 -15.282270 -2.788955 -3.243095 6.555537 2.116199 -5.639396 -12.634357 -13.894501 4.952583 3.358008 
-17.388607 1.269147 -15.357667 -7.392033 -19.444937 4.058422 2.080245 -8.255703 -6.597405 -6.856912 6.308308 -1.366323 
-18.671652 -0.950175 -18.038525 -11.374600 -11.888747 5.896131 -3.686211 -9.808794 -7.064300 -6.698081 -0.227463 -1.768416 
-17.565636 2.473306 -17.714148 -9.818203 -14.070251 -1.344704 -0.242531 -4.119416 -10.134751 -6.000143 2.549079 -6.512984 


-20.444189 -23.833954 9.912463 -8.372376 0.057034 1.973645 -15.644317 -4.215680 0.978745 -2.609375 4.995701 0.432362 
-7.341005 -24.770695 -6.329699 -24.425240 -7.555712 -10.881634 -22.692430 -21.784492 -11.621466 -12.034950 -8.178065 -9.540606 
-28.901718 -26.083672 -3.347930 -11.489290 2.853651 6.868177 8.131147 7.944530 17.437712 -23.779367 0.678127 1.978483 
-22.332224 -42.599556 -14.851292 -15.294006 13.451460 -4.950394 -6.172759 -4.638063 -8.294041 -11.122352 -4.003865 -9.016977 
-17.163982 -39.850677 -15.042368 -17.178637 12.367180 -0.621977 -6.642640 -8.027900 -3.419986 -5.277689 -0.684224 -4.282798 
-14.670089 -31.597383 -17.176451 -13.619554 13.225678 -2.330591 -1.772220 12.458678 -5.034387 -6.379836 5.402279 -14.427439 
-15.273813 -30.237827 -12.682716 -10.333184 13.723766 4.308131 2.577332 -7.806525 -11.801208 -8.806888 4.572330 -6.059155 
-13.715748 -23.240566 -6.391629 -15.888695 8.509566 0.022185 8.237784 -3.788479 2.650305 -3.006202 3.149076 -4.946440 
-9.872239 -23.342716 1.501712 -12.161106 7.438256 2.430310 -1.632397 -7.840568 -0.139461 -11.056874 1.504104 -2.845058 
-10.503882 -23.197853 -5.369509 -14.592682 -3.334302 -4.710865 -2.087302 -10.763849 3.159186 -10.840495 4.853186 -1.235359 
-14.311489 -24.114624 -11.702961 -20.043266 1.760587 -8.862791 -7.280548 -15.496017 -8.646377 -3.820137 4.749703 -8.790614 
-13.162174 -24.156986 -8.859734 -14.540886 -7.419417 -17.264925 -10.185558 -10.579756 -8.540999 -10.483478 0.049556 -3.405905 
-15.926982 -22.193790 -3.366838 -3.182823 -1.339661 -17.514669 -7.286171 -22.211107 -13.243159 -14.745633 -0.785559 -15.860518 
-16.771320 -22.604815 -9.849443 -10.739613 4.807710 -6.781144 -11.473635 -16.646828 -22.919125 -15.562597 -3.118939 -13.003744 
-20.821457 -23.281122 -14.289624 -15.488000 4.713307 -4.754653 -3.969073 -5.993287 -3.482107 -14.092999 2.005867 2.351545 
-15.649946 -21.248533 -11.278958 -14.447122 7.289018 -4.892229 -4.136013 -15.052934 -5.351296 -5.369606 14.681168 -3.883727 
-17.335604 -26.504761 -14.199142 -5.666354 3.152233 -8.547092 -2.653148 -0.471025 -9.099015 -0.292141 -0.712723 -7.412356 
-14.213074 -25.947865 -12.823030 -9.189019 4.009242 -11.978620 0.193285 1.660857 -6.633528 2.812566 4.279433 -10.089750 
-12.208284 -30.625534 -20.164259 -19.583414 -0.869527 -14.789959 -1.599907 -6.006198 -8.251357 -2.801592 -1.661775 -5.633272 
-14.431755 -30.522617 -22.619396 -23.675789 -1.397024 -4.348501 6.326063 -1.895576 -4.717732 3.097382 0.201196 -13.666098 
-16.570915 -36.199997 -23.791431 -24.313599 -4.685044 -13.166011 -0.337727 -1.965180 -7.684396 -9.974837 -0.948500 1.139453 
-10.443333 -31.038683 -16.925280 -18.679163 -9.843693 -22.849720 -14.972485 -12.764679 -21.058092 -7.466477 -6.516509 -8.355247 
-12.378965 -29.389250 -13.043813 -16.171841 -6.178874 -12.712285 2.492707 -1.242679 3.014836 3.590049 -3.075219 -3.329139 
-10.673771 -26.844707 -6.516237 -12.958185 2.904545 -5.005858 3.102095 4.958896 0.818229 14.301308 0.967636 2.415218 
-9.136035 -17.593422 -8.547106 -8.941938 -4.543453 -10.396783 -1.180167 -2.858470 1.701484 8.051213 1.722547 2.763331 
-12.499212 -19.516331 -15.547010 -15.078371 -18.811684 -8.993713 -13.051831 1.547877 1.215291 0.151698 -1.172351 2.306913 
-13.746154 -9.071436 -21.911232 -9.462950 -11.236664 -8.517511 2.602082 -4.903765 -7.357442 0.453071 3.169111 7.015059 
-22.060701 -3.084475 -18.225990 -9.605739 -14.242728 -8.947522 -5.931582 6.096870 9.872209 8.882251 8.826401 1.165076 
-17.708822 1.317860 -22.177803 -12.001293 -3.603577 -2.440766 -2.335936 -7.433772 -2.426042 -4.875644 -6.020540 -1.774891 
-18.552027 1.584003 -16.342384 -13.511896 -6.575971 2.003327 1.401064 -12.406611 -11.990056 2.589979 -0.519334 -6.692847 
-17.912477 1.392124 -17.697842 -11.305500 -12.067603 -0.511525 1.260170 -4.968883 -12.292432 -0.568740 2.642587 -1.781423 
-19.462553 1.760468 -14.932266 -11.065392 -14.588436 -6.728206 4.965449 -1.878438 -14.935626 -5.962180 3.818493 -1.389891 
-21.385647 -1.198629 -13.431105 -9.648716 -9.503139 -2.706566 1.772132 -4.063573 -5.149238 -4.045964 2.938960 -8.260440 
-22.216681 -18.701767 -6.845740 -11.336587 -1.390530 3.941779 -10.080164 11.089545 3.110863 -13.542090 -6.692143 -3.227944 
-5.447385 -23.845757 -4.281911 -18.883944 -2.653559 -7.645474 -12.912776 -23.373827 -8.439444 -7.831758 -5.226702 -2.403209 
-12.416905 -18.696951 -1.597381 -23.307486 -1.221871 -7.990959 -17.747755 -1.612094 0.601925 -13.821505 -0.471852 -4.149395 
-23.928564 -37.746906 -15.064094 -14.924661 7.180811 -3.067611 -4.649036 -2.679598 1.720200 -9.066770 -0.235410 -7.347372 
-15.729244 -37.379349 -14.572203 -14.723594 8.917496 0.816436 -7.519291 -0.842470 -6.459721 0.114737 1.018325 -1.300447 
-18.033236 -36.279003 -19.873056 -20.488831 9.849565 -8.228637 -8.777416 0.114480 -9.074389 -9.230102 0.394994 -14.543926 
-15.831883 1.371646 -10.696047 -6.941688 -5.484588 -2.073404 6.589286 0.354883 -7.049179 2.077650 1.688900 -5.176118 
-17.995443 -3.063678 -18.073849 -19.358969 -7.279082 -2.640325 -2.299342 -15.531432 -13.562458 -0.786584 -6.974113 -2.977211 
-17.336136 -3.470995 -16.994783 -13.326362 -8.008311 -2.469920 -1.129367 -11.761822 -11.340755 -3.975937 -1.983383 -5.764714 
-17.589827 0.655173 -12.649590 -17.166014 -4.643801 0.990456 1.160388 -8.988237 -9.275723 1.600097 -2.012114 5.887880 
-32.772560 -11.399693 -14.093368 -0.578795 2.927410 4.999046 9.124727 -7.128058 -9.130809 1.876921 8.663717 15.157491 
-15.951772 -1.637965 -14.289155 -14.856274 -13.707665 -0.974015 8.431070 -13.499690 -11.337249 1.083767 -6.157719 0.502053 
-16.841850 -5.933413 -16.743084 -14.836923 -7.678694 -2.126273 -1.748696 -8.026218 -7.351509 -1.528671 -5.676047 -0.369903 
-17.034081 -0.514989 -14.813838 -13.302725 -10.455845 -4.952451 4.436431 -7.818894 -11.979695 0.273185 -2.207345 -4.943982 
-15.941743 -3.251627 -13.992258 -16.261917 -7.219086 -5.582444 -0.423315 -5.009336 -6.306341 -2.944228 -5.050312 0.008673 
-16.811996 0.247805 -12.026031 -13.799493 -11.923903 -2.639205 4.384814 -6.063221 -11.475873 -3.589423 8.931173 -2.037258 
-19.859356 -1.364563 -16.086052 -8.441058 -9.571648 -5.451225 0.679949 -14.598853 -3.117877 3.699755 -3.957736 -0.869640 
-20.100897 -0.861369 -14.053400 -14.723931 -12.026222 -4.344659 -1.214004 -5.228122 -16.013023 2.466509 -4.756675 -4.370355 
-20.762621 0.605122 -17.050879 -12.247242 -6.882651 -5.552121 -3.406431 -1.339125 -9.451160 -2.337402 -6.432538 -2.487561 
-20.169058 1.149285 -15.729051 -14.681631 -10.564893 2.758045 -5.080286 -2.514977 -12.639627 1.416874 -0.216830 -4.490544 
-21.140121 0.525028 -13.924748 -15.178699 -7.701576 2.818632 -8.912201 0.849337 -10.610291 0.167087 -4.329667 -5.315287 
-20.304211 3.017226 -13.951314 -16.127541 -9.826996 0.315838 -3.677715 -3.780154 -12.985841 7.390071 -6.158228 -8.971574 
-22.447353 -0.956746 -13.130928 -9.190849 -7.828946 -3.909675 -3.208204 -3.370009 -5.048109 1.379714 -4.399554 -1.113390 
-20.242361 2.119767 -13.443081 -12.063103 -7.618063 -5.639543 -0.777209 0.467656 -10.688162 -0.562470 0.259875 0.604895 
-21.006550 -0.359873 -17.370258 -11.413120 -2.928921 -2.888524 -1.299483 -3.631780 -7.890860 -4.956301 -2.576733 1.616743 
-34.085938 -5.672433 -11.654311 -5.697663 -0.642674 -3.999756 1.509340 -1.161377 -7.369889 3.615980 4.923020 3.450525 
-21.417063 1.480350 -16.652317 -13.347064 -12.152143 -7.997579 2.808782 -6.861708 -12.392561 -7.184757 -7.456802 2.506961 
-18.870716 -1.776053 -18.158218 -15.865977 -9.626618 -4.040907 1.232962 -10.773673 -9.805243 -6.373289 -2.912120 -2.184850 
-35.040482 -7.343141 -14.254897 -10.192859 -4.605692 -5.161529 -5.892886 -0.838894 -9.719148 -6.211158 -8.571321 -5.765468 
-19.484938 -1.173997 -16.086803 -11.912627 -10.927119 -3.799153 -3.418883 -6.360049 -5.086630 -1.254392 -5.691735 -5.429210 
-18.517523 -0.993972 -16.013485 -12.461709 -11.075414 -8.794827 6.523297 -7.847031 -9.284388 -3.117623 1.906016 -5.491400 
-19.769197 0.569745 -19.682642 -10.577082 -8.042551 -9.260066 -0.441296 -6.654799 -7.076943 -0.417504 -4.472301 0.673107 
-18.381767 1.111286 -12.435349 -15.923330 -11.293402 -7.710557 5.339540 -8.565738 -11.047502 -3.053246 0.559104 -5.492970 
-20.061483 -3.408943 -15.277025 -16.122553 -9.772206 1.310462 -2.402907 -9.877926 -2.849769 -1.560655 -7.724712 -4.273182 
-17.861990 -0.920943 -16.686392 -14.936142 -12.092422 3.089831 1.339157 -13.058272 -10.110169 -0.323924 -0.725238 -2.580804 
-17.052710 -0.995156 -17.331614 -14.670319 -8.850774 3.668122 0.698927 -10.548306 -14.920580 -0.731294 -0.881436 0.368482 
-16.893427 0.869224 -11.375682 -17.698162 -12.875948 0.119301 2.054724 -5.010903 -15.292134 -4.975442 2.205214 -4.852541 

